=~=~=~=~=~=~=~=~=~=~=~= PuTTY log 2025.03.29 17:47:38 =~=~=~=~=~=~=~=~=~=~=~=
g
ANGLE:       PING:       IR:     
0       98.281090      446      
2       98.298286      451      
4       43.942425      605      
6       43.158756      679      
8       43.127579      453      
10       42.566437      451      
m12       42.622334      455      
Switching to manual scan
14       42.633083      866      
16       42.537411      1465      
18       42.538486      1659      
20       42.520210      1859      
22       42.874958      1959      
24       43.048031      1963      
26       42.926556      1626      
h28       42.976006      917      
Scan cancelled

Object_Number: 1
Object_Angle: 22.000000
Object_Distance: 42.874958
Object_Width: 9.012679
RW: 12
Smallest object: 1w d a s g
ANGLE:       PING:       IR:     
0       97.966118      445      
2       98.371391      448      
4       43.919849      606      
6       43.470501      566      
8       42.905056      448      
10       42.518059      451      
12       42.514835      467      
14       42.508385      913      
16       42.594383      1437      
18       42.516987      1665      
20       42.378311      1883      
22       42.516987      1977      
24       42.920109      1977      
26       42.980305      1685      
28       42.989983      927      
30       42.923332      769      
32       42.938381      793      
34       42.983532      851      
36       42.959881      897      
38       43.860725      1005      
40       44.321896      1003      
42       51.022316      1043      
44       46.542828      1085      
46       47.038399      1127      
48       62.204376      1171      
50       61.761482      1206      
52       46.977123      1227      
54       46.753525      1271      
56       44.761566      1293      
58       44.986240      1303      
60       61.507782      1339      
62       61.613132      1371      
64       61.585182      1385      
h66       27.936876      1384      
Scan cancelled

Object_Number: 1
Object_Angle: 41.000000
Object_Distance: 44.321896
Object_Width: 41.335278
RW: 50
Smallest object: 1w a s d g
ANGLE:       PING:       IR:     
0       57.172344      899      
2       98.331612      447      
4       43.953175      621      
6       43.587677      607      
8       43.050182      449      
10       42.670708      448      
12       42.618034      459      
14       42.515911      1095      
16       42.532036      1483      
18       42.620186      1663      
20       42.610508      1859      
22       42.605133      1959      
24       43.014706      1942      
26       42.964180      1600      
28       42.546009      919      
30       42.522362      771      
32       43.093182      795      
34       42.993206      859      
36       43.424278      896      
38       43.888676      957      
h40       44.403595      991      
Scan cancelled

Object_Number: 1
Object_Angle: 27.000000
Object_Distance: 42.964180
Object_Width: 19.838125
RW: 26
Smallest object: 1mw g
ANGLE:       PING:       IR:     
0       42.523434      795      
m2       97.829590      453      
Switching to auto scan
4       43.579079      559      
6       43.580151      705      
8       43.015781      465      
10       42.573959      449      
12       42.564285      459      
14       42.524509      975      
16       42.516987      1443      
18       42.519135      1664      
20       42.554611      1900      
22       42.996433      1959      
24       43.071682      1933      
26       43.041580      1705      
28       42.957733      935      
30       42.960957      775      
32       42.995358      797      
34       43.044807      845      
36       43.574776      897      
38       43.931675      935      
40       44.444447      995      
42       46.218182      1037      
44       46.766426      1097      
46       48.031693      1129      
48       61.650757      1171      
50       61.644306      1195      
52       47.635021      1223      
54       45.854836      1257      
56       45.000214      1301      
58       61.949604      1301      
h60       61.526058      1347      
Scan cancelled

Object_Number: 1
Object_Angle: 37.000000
Object_Distance: 43.574776
Object_Width: 36.992790
RW: 46
Smallest object: 1
Turning Right
Moving!
